# Acid rain data obtained from National Atmospheric Deposition Program
#  National Trends Network Location VA 28
# Shenandoah National Park, Big Meadows
#
pH
5.13
4.50
4.40
4.83
4.94
4.09
4.35
4.64
4.38
4.88
4.87
4.34
4.75
4.67
4.24
4.61
4.89
4.23
4.40
4.50
4.51
5.14
4.58
4.21
4.03
4.09
4.26
4.36
4.71
4.65
4.63
4.71
4.86
4.62
5.50
4.92
4.82
4.74
4.84
4.50
4.96
5.14
4.27
4.31
4.74
4.77
4.38
4.42
4.68
4.36
4.71
4.50
4.33
4.64
4.72
4.46
4.60
3.85
4.75
4.64
4.78
4.25
5.12
4.22
4.39
4.33
4.69
4.54
4.28
4.53
5.18
4.77
4.27
4.54
4.83
4.12
4.69
4.80
4.46
4.38
4.49
4.70
4.40
4.64
4.21
4.27
4.62
4.87
4.58
4.51
